star:
  teff: [5675, 75]
  logg: [4.2, 0.2]
  feh: [0.0, 0.5]
planets:
  b:
    b: [0.134, 0.1]
    dur: [0.201, 0.001]
    period: [6.959503, 0.000016]
    ror: [0.0667, 0.0012]
    t0: [2458604.02371, 0.00037]
  c:
    b: [0.15, 0.15]
    dur: [0.2348, 0.0028]
    period: [14.334894, 0.00003]
    ror: [0.0517, 0.0042]
    t0: [2458602.5025, 0.0022]
